_000_
(
34500 82800 41400 89700 li1
34500 82800 48300 89700 met1
41400 82800 48300 89700 li1
)
_001_
(
34500 89700 41400 96600 li1
34500 89700 41400 96600 met1
34500 82800 41400 96600 met2
34500 82800 41400 89700 met1
34500 82800 41400 89700 li1
34500 82800 48300 89700 met1
41400 82800 48300 89700 li1
)
_002_
(
34500 82800 41400 89700 li1
34500 82800 48300 89700 met1
41400 82800 48300 89700 li1
)
_003_
(
48300 48300 55200 55200 li1
48300 48300 55200 55200 met1
48300 41400 55200 55200 met2
48300 41400 55200 48300 met1
48300 41400 55200 48300 li1
)
_004_
(
48300 41400 55200 48300 li1
48300 41400 55200 48300 met1
)
_005_
(
48300 41400 55200 48300 li1
48300 41400 55200 48300 met1
)
_006_
(
75900 82800 82800 89700 li1
75900 82800 82800 89700 met1
75900 75900 82800 89700 met2
75900 75900 82800 82800 met1
75900 75900 82800 82800 li1
75900 75900 89700 82800 met1
82800 75900 89700 82800 li1
)
_007_
(
75900 82800 82800 89700 li1
75900 82800 82800 89700 met1
75900 75900 82800 89700 met2
75900 75900 82800 82800 met1
75900 75900 82800 82800 li1
75900 75900 89700 82800 met1
82800 75900 89700 82800 li1
)
_008_
(
75900 75900 82800 82800 li1
75900 75900 89700 82800 met1
82800 75900 89700 82800 li1
)
_009_
(
69000 62100 75900 69000 li1
69000 62100 75900 69000 met1
69000 55200 75900 69000 met2
69000 55200 75900 62100 met1
69000 55200 75900 62100 li1
)
_010_
(
69000 55200 75900 62100 li1
69000 55200 75900 62100 met1
)
_011_
(
69000 55200 75900 62100 li1
69000 55200 82800 62100 met1
75900 55200 82800 62100 li1
)
_012_
(
48300 20700 55200 27600 li1
48300 20700 62100 27600 met1
55200 20700 62100 27600 li1
55200 20700 62100 27600 met1
55200 20700 62100 34500 met2
55200 27600 62100 34500 met1
55200 27600 62100 34500 li1
)
_013_
(
48300 20700 55200 27600 li1
48300 20700 62100 27600 met1
55200 20700 62100 27600 li1
55200 20700 62100 27600 met1
55200 20700 62100 34500 met2
55200 27600 62100 34500 met1
55200 27600 62100 34500 li1
)
_014_
(
48300 27600 55200 34500 li1
48300 27600 62100 34500 met1
55200 27600 62100 34500 li1
)
_015_
(
82800 89700 89700 96600 li1
82800 89700 89700 96600 met1
82800 82800 89700 96600 met2
82800 82800 89700 89700 met1
82800 82800 89700 89700 li1
75900 89700 82800 96600 li1
75900 89700 89700 96600 met1
)
_016_
(
75900 89700 82800 96600 li1
75900 89700 89700 96600 met1
82800 89700 89700 96600 met1
82800 82800 89700 96600 met2
82800 82800 89700 89700 met1
82800 82800 89700 89700 li1
)
_017_
(
75900 89700 82800 96600 li1
75900 89700 82800 96600 met1
75900 82800 82800 96600 met2
75900 82800 82800 89700 met1
75900 82800 82800 89700 li1
)
_018_
(
34500 41400 41400 48300 li1
34500 41400 41400 48300 met1
34500 41400 41400 55200 met2
34500 48300 41400 55200 met1
34500 48300 41400 55200 li1
27600 41400 34500 48300 li1
27600 41400 41400 48300 met1
)
_019_
(
27600 48300 41400 55200 met1
34500 48300 41400 55200 li1
27600 48300 34500 55200 li1
27600 48300 34500 55200 met1
27600 41400 34500 55200 met2
27600 41400 34500 48300 met1
27600 41400 34500 48300 li1
)
_020_
(
20700 41400 27600 48300 li1
20700 41400 34500 48300 met1
27600 41400 34500 48300 li1
)
_021_
(
34500 27600 41400 34500 li1
34500 27600 41400 34500 met1
34500 27600 41400 48300 met2
34500 41400 41400 48300 met1
34500 41400 41400 48300 li1
)
_022_
(
34500 27600 41400 34500 li1
34500 27600 41400 34500 met1
34500 27600 41400 48300 met2
34500 41400 41400 48300 met1
34500 41400 41400 48300 li1
)
_023_
(
27600 34500 34500 41400 li1
27600 34500 41400 41400 met1
34500 34500 41400 41400 met1
34500 34500 41400 48300 met2
34500 41400 41400 48300 met1
34500 41400 41400 48300 li1
)
_024_
(
55200 82800 62100 89700 li1
55200 82800 69000 89700 met1
62100 82800 69000 89700 li1
)
_025_
(
62100 75900 69000 82800 li1
62100 75900 69000 82800 met1
62100 75900 69000 89700 met2
62100 82800 69000 89700 met1
62100 82800 69000 89700 li1
)
_026_
(
55200 82800 62100 89700 li1
55200 82800 69000 89700 met1
62100 82800 69000 89700 li1
)
_027_
(
55200 69000 62100 75900 li1
55200 69000 62100 75900 met1
)
_028_
(
55200 69000 62100 75900 li1
55200 69000 69000 75900 met1
62100 69000 69000 75900 li1
)
_029_
(
55200 69000 62100 75900 li1
55200 69000 62100 75900 met1
)
_030_
(
27600 69000 41400 75900 met1
34500 69000 41400 75900 li1
27600 69000 34500 75900 li1
27600 69000 34500 75900 met1
27600 69000 34500 82800 met2
27600 75900 34500 82800 met1
27600 75900 34500 82800 li1
)
_031_
(
34500 75900 41400 82800 li1
34500 75900 41400 82800 met1
34500 69000 41400 82800 met2
34500 69000 41400 75900 met1
34500 69000 41400 75900 li1
27600 75900 34500 82800 li1
27600 75900 41400 82800 met1
)
_032_
(
27600 75900 34500 82800 li1
27600 75900 34500 82800 met1
27600 75900 34500 89700 met2
27600 82800 34500 89700 met1
27600 82800 34500 89700 li1
)
_033_
(
55200 48300 62100 55200 li1
55200 48300 69000 55200 met1
62100 48300 69000 55200 met1
62100 48300 69000 62100 met2
62100 55200 69000 62100 met1
62100 55200 69000 62100 li1
62100 48300 75900 55200 met1
69000 48300 75900 55200 li1
)
_034_
(
62100 55200 69000 62100 li1
62100 55200 69000 62100 met1
62100 48300 69000 62100 met2
62100 48300 69000 55200 met1
62100 48300 69000 55200 li1
55200 55200 62100 62100 li1
55200 55200 69000 62100 met1
)
_035_
(
62100 55200 69000 62100 li1
62100 55200 69000 62100 met1
)
_036_
(
6900 41400 13800 48300 li1
6900 41400 13800 48300 met1
6900 34500 13800 48300 met2
6900 34500 13800 41400 met1
6900 34500 13800 41400 li1
6900 27600 13800 41400 met2
6900 27600 13800 34500 met1
6900 27600 13800 34500 li1
)
_037_
(
13800 34500 20700 41400 li1
13800 34500 20700 41400 met1
13800 27600 20700 41400 met2
13800 27600 20700 34500 met1
13800 27600 20700 34500 li1
)
_038_
(
6900 27600 13800 34500 li1
6900 27600 20700 34500 met1
13800 27600 20700 34500 met1
13800 27600 20700 41400 met2
13800 34500 20700 41400 met1
13800 34500 20700 41400 li1
)
_039_
(
62100 34500 69000 41400 li1
62100 34500 75900 41400 met1
69000 34500 75900 41400 li1
)
_040_
(
62100 34500 69000 41400 li1
62100 34500 75900 41400 met1
69000 34500 75900 41400 li1
)
_041_
(
62100 34500 69000 41400 li1
62100 34500 75900 41400 met1
69000 34500 75900 41400 li1
)
_042_
(
20700 82800 27600 89700 li1
20700 82800 34500 89700 met1
27600 82800 34500 89700 li1
)
_043_
(
20700 82800 27600 89700 li1
20700 82800 27600 89700 met1
20700 82800 27600 96600 met2
20700 89700 27600 96600 met1
20700 89700 34500 96600 met1
27600 89700 34500 96600 li1
20700 75900 27600 89700 met2
20700 75900 27600 82800 met1
20700 75900 27600 82800 li1
)
_044_
(
20700 75900 27600 82800 li1
20700 75900 34500 82800 met1
27600 75900 34500 82800 met1
27600 75900 34500 89700 met2
27600 82800 34500 89700 met1
27600 82800 34500 89700 li1
)
_045_
(
69000 34500 75900 41400 li1
69000 34500 82800 41400 met1
75900 34500 82800 41400 li1
)
_046_
(
69000 34500 82800 41400 met1
75900 34500 82800 41400 li1
69000 27600 75900 34500 li1
69000 27600 75900 34500 met1
69000 27600 75900 41400 met2
69000 34500 75900 41400 met1
69000 34500 75900 41400 li1
)
_047_
(
69000 34500 75900 41400 li1
69000 34500 82800 41400 met1
75900 34500 82800 41400 li1
)
_048_
(
6900 55200 13800 62100 li1
6900 55200 20700 62100 met1
13800 55200 20700 62100 li1
)
_049_
(
6900 55200 13800 62100 li1
6900 55200 20700 62100 met1
13800 55200 20700 62100 li1
)
_050_
(
6900 55200 13800 62100 li1
6900 55200 20700 62100 met1
13800 55200 20700 62100 li1
)
_051_
(
82800 41400 89700 48300 li1
82800 41400 89700 48300 met1
82800 41400 89700 55200 met2
82800 48300 89700 55200 met1
82800 48300 89700 55200 li1
)
_052_
(
82800 41400 89700 48300 li1
82800 41400 89700 48300 met1
82800 41400 89700 55200 met2
82800 48300 89700 55200 met1
82800 48300 89700 55200 li1
)
_053_
(
82800 48300 89700 55200 li1
82800 48300 89700 55200 met1
82800 41400 89700 55200 met2
82800 41400 89700 48300 met1
82800 41400 89700 48300 li1
)
_054_
(
6900 82800 13800 89700 li1
6900 82800 13800 89700 met1
)
_055_
(
6900 82800 13800 89700 li1
6900 82800 20700 89700 met1
13800 82800 20700 89700 li1
)
_056_
(
6900 82800 13800 89700 li1
6900 82800 13800 89700 met1
)
_057_
(
75900 55200 82800 62100 li1
75900 55200 89700 62100 met1
82800 55200 89700 62100 li1
)
_058_
(
75900 55200 82800 62100 li1
75900 55200 89700 62100 met1
82800 55200 89700 62100 li1
)
_059_
(
75900 55200 82800 62100 li1
75900 55200 82800 62100 met1
)
_060_
(
69000 69000 75900 75900 li1
69000 69000 75900 75900 met1
69000 62100 75900 75900 met2
69000 62100 75900 69000 met1
69000 62100 75900 69000 li1
69000 69000 82800 75900 met1
75900 69000 82800 75900 li1
)
_061_
(
69000 62100 75900 69000 li1
69000 62100 82800 69000 met1
75900 62100 82800 69000 li1
75900 62100 82800 69000 met1
75900 62100 82800 75900 met2
75900 69000 82800 75900 met1
75900 69000 82800 75900 li1
)
_062_
(
75900 69000 82800 75900 li1
75900 69000 82800 75900 met1
)
_063_
(
6900 69000 13800 75900 li1
6900 69000 20700 75900 met1
13800 69000 20700 75900 met1
13800 69000 20700 82800 met2
13800 75900 20700 82800 met1
13800 75900 20700 82800 li1
)
_064_
(
6900 75900 20700 82800 met1
13800 75900 20700 82800 li1
6900 75900 13800 82800 li1
6900 75900 13800 82800 met1
6900 69000 13800 82800 met2
6900 69000 13800 75900 met1
6900 69000 13800 75900 li1
)
_065_
(
6900 69000 13800 75900 li1
6900 69000 13800 75900 met1
)
_066_
(
13800 27600 20700 34500 li1
13800 27600 34500 34500 met1
27600 34500 34500 41400 li1
27600 34500 34500 41400 met1
27600 27600 34500 41400 met2
27600 27600 34500 34500 met1
27600 27600 34500 34500 li1
)
_067_
(
20700 27600 27600 34500 li1
20700 27600 34500 34500 met1
27600 27600 34500 34500 li1
)
_068_
(
20700 27600 27600 34500 li1
20700 27600 34500 34500 met1
27600 27600 34500 34500 li1
)
_069_
(
6900 41400 13800 48300 li1
6900 41400 13800 48300 met1
6900 41400 13800 55200 met2
6900 48300 13800 55200 met1
6900 48300 13800 55200 li1
6900 41400 20700 48300 met1
13800 41400 20700 48300 li1
)
_070_
(
13800 48300 20700 55200 li1
13800 48300 20700 55200 met1
13800 41400 20700 55200 met2
13800 41400 20700 48300 met1
13800 41400 20700 48300 li1
)
_071_
(
13800 41400 20700 48300 li1
13800 41400 20700 48300 met1
)
_072_
(
41400 69000 48300 75900 li1
41400 69000 55200 75900 met1
48300 69000 55200 75900 li1
)
_073_
(
41400 69000 48300 75900 li1
41400 69000 55200 75900 met1
48300 69000 55200 75900 li1
)
_074_
(
41400 69000 48300 75900 li1
41400 69000 55200 75900 met1
48300 69000 55200 75900 met1
48300 69000 55200 82800 met2
48300 75900 55200 82800 met1
48300 75900 55200 82800 li1
)
_075_
(
34500 62100 41400 69000 li1
34500 62100 48300 69000 met1
41400 62100 48300 69000 met1
41400 62100 48300 75900 met2
41400 69000 48300 75900 met1
41400 69000 48300 75900 li1
)
_076_
(
41400 62100 48300 69000 li1
41400 62100 48300 69000 met1
41400 62100 48300 75900 met2
41400 69000 48300 75900 met1
41400 69000 48300 75900 li1
)
_077_
(
41400 69000 48300 75900 li1
41400 69000 48300 75900 met1
41400 62100 48300 75900 met2
41400 62100 48300 69000 met1
41400 62100 48300 69000 li1
)
_078_
(
34500 20700 48300 27600 met1
41400 20700 48300 27600 li1
34500 20700 41400 27600 li1
34500 20700 41400 27600 met1
34500 20700 41400 34500 met2
34500 27600 41400 34500 met1
34500 27600 41400 34500 li1
)
_079_
(
41400 20700 48300 27600 li1
41400 20700 48300 27600 met1
41400 20700 48300 34500 met2
41400 27600 48300 34500 met1
41400 27600 48300 34500 li1
)
_080_
(
34500 20700 41400 27600 li1
34500 20700 48300 27600 met1
41400 20700 48300 27600 met1
41400 20700 48300 34500 met2
41400 27600 48300 34500 met1
41400 27600 48300 34500 li1
)
_081_
(
20700 55200 27600 62100 li1
20700 55200 34500 62100 met1
27600 55200 34500 62100 li1
)
_082_
(
27600 48300 34500 55200 li1
27600 48300 34500 55200 met1
27600 48300 34500 62100 met2
27600 55200 34500 62100 met1
27600 55200 34500 62100 li1
)
_083_
(
27600 55200 34500 62100 li1
27600 55200 34500 62100 met1
)
_084_
(
48300 34500 55200 41400 li1
48300 34500 62100 41400 met1
55200 34500 62100 41400 li1
)
_085_
(
48300 34500 55200 41400 li1
48300 34500 62100 41400 met1
55200 34500 62100 41400 li1
)
_086_
(
48300 27600 55200 34500 li1
48300 27600 62100 34500 met1
55200 27600 62100 34500 met1
55200 27600 62100 41400 met2
55200 34500 62100 41400 met1
55200 34500 62100 41400 li1
)
_087_
(
48300 82800 55200 89700 li1
48300 82800 55200 89700 met1
48300 82800 55200 96600 met2
48300 89700 55200 96600 met1
48300 89700 55200 96600 li1
)
_088_
(
48300 89700 55200 96600 li1
48300 89700 62100 96600 met1
55200 89700 62100 96600 met1
55200 82800 62100 96600 met2
55200 82800 62100 89700 met1
55200 82800 62100 89700 li1
)
_089_
(
48300 89700 55200 96600 li1
48300 89700 62100 96600 met1
55200 89700 62100 96600 li1
)
_090_
(
69000 89700 75900 96600 li1
69000 89700 75900 96600 met1
69000 82800 75900 96600 met2
69000 82800 75900 89700 met1
69000 82800 75900 89700 li1
)
_091_
(
13800 69000 20700 75900 li1
13800 69000 34500 75900 met1
27600 69000 34500 75900 li1
)
_092_
(
20700 62100 27600 69000 li1
20700 62100 27600 69000 met1
20700 62100 27600 75900 met2
20700 69000 27600 75900 met1
20700 69000 27600 75900 li1
13800 69000 20700 75900 li1
13800 69000 27600 75900 met1
)
_093_
(
13800 69000 20700 75900 li1
13800 69000 27600 75900 met1
20700 69000 27600 75900 li1
)
a[0]
(
0 89700 6900 107320 met2
0 89700 6900 96600 met1
0 89700 13800 96600 met1
6900 89700 13800 96600 li1
)
a[10]
(
27600 89700 34500 107320 met2
27600 89700 34500 96600 met1
27600 89700 34500 96600 li1
)
a[11]
(
34500 89700 41400 107320 met2
34500 89700 41400 96600 met1
34500 89700 41400 96600 li1
)
a[12]
(
34500 89700 41400 107320 met2
34500 89700 41400 96600 met1
34500 89700 41400 96600 li1
)
a[13]
(
34500 89700 41400 107320 met2
34500 89700 41400 96600 met1
34500 89700 48300 96600 met1
41400 89700 48300 96600 li1
)
a[14]
(
41400 89700 48300 107320 met2
41400 89700 48300 96600 met1
41400 89700 48300 96600 li1
)
a[15]
(
41400 89700 48300 107320 met2
41400 89700 48300 96600 met1
41400 89700 48300 96600 li1
)
a[16]
(
48300 89700 55200 107320 met2
48300 89700 55200 96600 met1
48300 89700 55200 96600 li1
)
a[17]
(
48300 89700 55200 107320 met2
48300 89700 55200 96600 met1
48300 89700 55200 96600 li1
)
a[18]
(
48300 89700 55200 107320 met2
48300 89700 55200 96600 met1
48300 89700 62100 96600 met1
55200 89700 62100 96600 li1
)
a[19]
(
55200 89700 62100 107320 met2
55200 89700 62100 96600 met1
55200 89700 62100 96600 li1
)
a[1]
(
6900 89700 13800 107320 met2
6900 89700 13800 96600 met1
6900 89700 13800 96600 li1
)
a[20]
(
55200 89700 62100 107320 met2
55200 89700 62100 96600 met1
55200 89700 69000 96600 met1
62100 89700 69000 96600 li1
)
a[21]
(
62100 89700 69000 107320 met2
62100 89700 69000 96600 met1
62100 89700 69000 96600 li1
)
a[22]
(
62100 89700 69000 107320 met2
62100 89700 69000 96600 met1
62100 89700 69000 96600 li1
)
a[23]
(
62100 89700 69000 107320 met2
62100 89700 69000 96600 met1
62100 89700 75900 96600 met1
69000 89700 75900 96600 li1
)
a[24]
(
69000 89700 75900 107320 met2
69000 89700 75900 96600 met1
69000 89700 82800 96600 met1
75900 89700 82800 96600 li1
)
a[25]
(
69000 89700 75900 107320 met2
69000 89700 75900 96600 met1
69000 89700 82800 96600 met1
75900 89700 82800 96600 li1
)
a[26]
(
75900 89700 82800 107320 met2
75900 89700 82800 96600 met1
75900 89700 82800 96600 li1
)
a[27]
(
75900 89700 82800 107320 met2
75900 89700 82800 96600 met1
75900 89700 82800 96600 li1
)
a[28]
(
75900 89700 82800 107320 met2
75900 89700 82800 96600 met1
75900 89700 89700 96600 met1
82800 89700 89700 96600 li1
)
a[29]
(
82800 89700 89700 107320 met2
82800 89700 89700 96600 met1
82800 89700 89700 96600 li1
)
a[2]
(
6900 89700 13800 107320 met2
6900 89700 13800 96600 met1
6900 89700 13800 96600 li1
)
a[30]
(
82800 89700 89700 107320 met2
82800 89700 89700 96600 met1
82800 89700 89700 96600 li1
)
a[31]
(
82800 89700 89700 96600 li1
82800 89700 96600 96600 met1
89700 89700 96600 96600 met1
89700 89700 96600 107320 met2
)
a[3]
(
6900 89700 13800 107320 met2
6900 89700 13800 96600 met1
6900 89700 20700 96600 met1
13800 89700 20700 96600 li1
)
a[4]
(
13800 89700 20700 107320 met2
13800 89700 20700 96600 met1
13800 89700 20700 96600 li1
)
a[5]
(
13800 89700 20700 107320 met2
13800 89700 20700 96600 met1
13800 89700 20700 96600 li1
)
a[6]
(
20700 89700 27600 107320 met2
20700 89700 27600 96600 met1
20700 89700 27600 96600 li1
)
a[7]
(
20700 89700 27600 107320 met2
20700 89700 27600 96600 met1
20700 89700 27600 96600 li1
)
a[8]
(
20700 89700 27600 107320 met2
20700 89700 27600 96600 met1
20700 89700 34500 96600 met1
27600 89700 34500 96600 li1
)
a[9]
(
27600 89700 34500 107320 met2
27600 89700 34500 96600 met1
27600 89700 34500 96600 li1
)
clk
(
55200 55200 62100 62100 li1
55200 55200 96600 62100 met1
89700 55200 96600 62100 met1
89700 48300 96600 62100 met2
89700 48300 96600 55200 met2
89700 48300 96600 55200 met3
)
clknet_0_clk
(
62100 69000 75900 75900 met1
69000 69000 75900 75900 li1
62100 69000 69000 75900 met1
62100 69000 69000 82800 met2
62100 75900 69000 82800 met1
62100 75900 69000 82800 li1
55200 41400 62100 48300 li1
55200 41400 75900 48300 met1
69000 41400 75900 48300 li1
48300 41400 62100 48300 met1
34500 69000 41400 75900 li1
34500 69000 55200 75900 met1
27600 69000 34500 75900 li1
27600 69000 41400 75900 met1
41400 41400 48300 48300 met1
41400 34500 48300 48300 met2
41400 34500 48300 41400 met1
41400 34500 48300 41400 li1
27600 41400 34500 48300 li1
27600 41400 48300 48300 met1
48300 55200 55200 62100 li1
48300 55200 55200 62100 met1
48300 55200 55200 75900 met2
48300 69000 55200 75900 met1
48300 69000 69000 75900 met1
48300 41400 55200 62100 met2
48300 41400 55200 48300 met1
41400 41400 55200 48300 met1
)
clknet_3_0__leaf_clk
(
13800 41400 20700 48300 met1
13800 41400 20700 55200 met2
13800 48300 20700 55200 met1
13800 48300 20700 55200 li1
6900 27600 13800 34500 li1
6900 27600 13800 34500 met1
6900 27600 13800 41400 met2
6900 34500 13800 41400 met1
6900 34500 13800 41400 li1
6900 34500 20700 41400 met1
13800 34500 20700 41400 li1
13800 34500 20700 41400 met1
13800 34500 20700 48300 met2
6900 41400 13800 48300 li1
6900 41400 20700 48300 met1
13800 41400 27600 48300 met1
20700 41400 27600 48300 li1
13800 48300 27600 55200 met1
20700 48300 27600 55200 li1
)
clknet_3_1__leaf_clk
(
34500 34500 41400 41400 li1
34500 34500 41400 41400 met1
34500 34500 41400 48300 met2
34500 41400 41400 48300 met1
34500 41400 41400 48300 li1
27600 20700 34500 27600 li1
27600 20700 41400 27600 met1
34500 27600 41400 41400 met2
34500 27600 41400 34500 met1
34500 27600 41400 34500 li1
34500 20700 41400 34500 met2
34500 20700 41400 27600 met1
34500 20700 41400 27600 li1
27600 34500 34500 41400 li1
27600 34500 41400 41400 met1
34500 41400 48300 48300 met1
41400 41400 48300 48300 li1
34500 34500 48300 41400 met1
41400 34500 48300 41400 li1
)
clknet_3_2__leaf_clk
(
13800 55200 27600 62100 met1
20700 55200 27600 62100 li1
13800 69000 27600 75900 met1
20700 69000 27600 75900 li1
13800 62100 20700 69000 li1
13800 62100 20700 69000 met1
13800 55200 20700 69000 met2
13800 55200 20700 62100 met1
6900 89700 20700 96600 met1
13800 89700 20700 96600 li1
13800 69000 20700 75900 li1
13800 69000 20700 75900 met1
13800 62100 20700 75900 met2
6900 75900 13800 82800 li1
6900 75900 13800 82800 met1
6900 75900 13800 96600 met2
6900 89700 13800 96600 met1
6900 89700 13800 96600 li1
6900 69000 20700 75900 met1
6900 69000 13800 82800 met2
6900 69000 13800 75900 met1
6900 69000 13800 75900 li1
6900 55200 13800 62100 li1
6900 55200 20700 62100 met1
)
clknet_3_3__leaf_clk
(
27600 69000 34500 75900 li1
27600 69000 34500 75900 met1
27600 69000 34500 82800 met2
27600 75900 34500 82800 met1
27600 75900 34500 82800 li1
27600 75900 41400 82800 met1
34500 75900 41400 82800 li1
27600 75900 34500 89700 met2
27600 82800 34500 89700 met1
27600 82800 34500 89700 li1
34500 62100 41400 69000 li1
34500 62100 41400 69000 met1
34500 55200 41400 69000 met2
34500 55200 41400 62100 met1
34500 55200 48300 62100 met1
41400 55200 48300 62100 li1
27600 69000 41400 75900 met1
34500 69000 41400 75900 li1
34500 69000 41400 75900 met1
34500 62100 41400 75900 met2
41400 69000 48300 75900 li1
34500 69000 48300 75900 met1
)
clknet_3_4__leaf_clk
(
55200 34500 62100 41400 li1
55200 34500 62100 41400 met1
55200 27600 62100 41400 met2
55200 27600 62100 34500 met1
55200 27600 62100 34500 li1
55200 41400 62100 48300 li1
55200 41400 62100 48300 met1
55200 41400 62100 55200 met2
55200 48300 62100 55200 met1
55200 48300 62100 55200 li1
55200 34500 62100 48300 met2
55200 27600 69000 34500 met1
62100 27600 69000 34500 li1
55200 20700 62100 34500 met2
55200 20700 62100 27600 met1
55200 20700 62100 27600 li1
55200 41400 69000 48300 met1
62100 41400 69000 48300 li1
55200 48300 69000 55200 met1
62100 48300 69000 55200 li1
)
clknet_3_5__leaf_clk
(
69000 41400 75900 48300 li1
69000 41400 75900 48300 met1
69000 41400 75900 55200 met2
69000 48300 75900 55200 met1
69000 48300 75900 55200 li1
69000 34500 89700 41400 met1
82800 34500 89700 41400 li1
69000 34500 75900 48300 met2
69000 34500 75900 41400 met1
69000 41400 82800 48300 met1
75900 41400 82800 48300 li1
69000 48300 75900 62100 met2
69000 55200 75900 62100 met1
69000 55200 75900 62100 li1
69000 27600 75900 41400 met2
69000 27600 75900 34500 met1
69000 27600 75900 34500 li1
)
clknet_3_6__leaf_clk
(
55200 62100 69000 69000 met1
62100 62100 69000 69000 met1
62100 55200 69000 69000 met2
62100 55200 69000 62100 met1
62100 55200 69000 62100 li1
55200 75900 62100 82800 li1
55200 75900 62100 82800 met1
55200 69000 62100 82800 met2
55200 69000 62100 75900 met1
55200 69000 62100 75900 li1
48300 62100 55200 69000 li1
48300 62100 62100 69000 met1
41400 75900 62100 82800 met1
41400 82800 48300 89700 li1
41400 82800 48300 89700 met1
41400 82800 48300 96600 met2
41400 89700 48300 96600 met1
41400 89700 55200 96600 met1
48300 89700 55200 96600 li1
41400 75900 48300 82800 li1
41400 75900 48300 82800 met1
41400 75900 48300 89700 met2
55200 62100 62100 75900 met2
55200 62100 62100 69000 met1
)
clknet_3_7__leaf_clk
(
62100 89700 69000 96600 li1
62100 89700 75900 96600 met1
69000 89700 75900 96600 met1
69000 82800 75900 96600 met2
69000 82800 75900 89700 met1
69000 82800 75900 89700 li1
69000 69000 75900 75900 met1
69000 69000 75900 82800 met2
69000 75900 75900 82800 met1
69000 75900 75900 82800 li1
69000 82800 82800 89700 met1
75900 82800 82800 89700 li1
69000 69000 82800 75900 met1
69000 75900 82800 82800 met1
75900 75900 82800 82800 li1
75900 69000 82800 75900 li1
75900 69000 82800 75900 met1
75900 62100 82800 75900 met2
75900 62100 82800 69000 met1
75900 62100 82800 69000 li1
69000 75900 75900 89700 met2
75900 55200 82800 69000 met2
75900 55200 82800 62100 met1
75900 55200 82800 62100 li1
62100 69000 69000 75900 li1
62100 69000 75900 75900 met1
)
dsa\[0\].last_carry
(
75900 89700 82800 96600 li1
75900 89700 82800 96600 met1
)
dsa\[0\].last_carry_next
(
62100 89700 69000 96600 li1
62100 89700 75900 96600 met1
69000 89700 75900 96600 met1
69000 82800 75900 96600 met2
69000 82800 75900 89700 met1
69000 82800 75900 89700 li1
)
dsa\[0\].y_out
(
75900 82800 82800 89700 li1
75900 82800 89700 89700 met1
82800 82800 89700 89700 met1
82800 82800 89700 96600 met2
82800 89700 89700 96600 met1
82800 89700 89700 96600 li1
)
dsa\[0\].y_out_next
(
69000 82800 75900 89700 li1
69000 82800 75900 89700 met1
)
dsa\[10\].last_carry
(
55200 62100 62100 69000 li1
55200 62100 69000 69000 met1
62100 62100 69000 69000 met1
62100 62100 69000 75900 met2
62100 69000 69000 75900 met1
62100 69000 69000 75900 li1
)
dsa\[10\].last_carry_next
(
48300 62100 55200 69000 li1
48300 62100 62100 69000 met1
55200 62100 62100 69000 met1
55200 62100 62100 75900 met2
55200 69000 62100 75900 met1
55200 69000 62100 75900 li1
)
dsa\[10\].y_in
(
48300 55200 55200 62100 li1
48300 55200 55200 62100 met1
48300 55200 55200 69000 met2
48300 62100 55200 69000 met1
48300 62100 62100 69000 met1
55200 62100 62100 69000 li1
)
dsa\[10\].y_out
(
62100 69000 69000 75900 li1
62100 69000 75900 75900 met1
69000 69000 75900 75900 met1
69000 69000 75900 82800 met2
69000 75900 75900 82800 met1
69000 75900 75900 82800 li1
)
dsa\[10\].y_out_next
(
55200 69000 62100 75900 li1
55200 69000 62100 75900 met1
)
dsa\[11\].last_carry
(
48300 69000 55200 75900 li1
48300 69000 55200 75900 met1
)
dsa\[11\].last_carry_next
(
41400 69000 48300 75900 li1
41400 69000 48300 75900 met1
41400 62100 48300 75900 met2
41400 62100 48300 69000 met1
41400 62100 48300 69000 li1
)
dsa\[11\].y_out
(
55200 75900 62100 82800 li1
55200 75900 62100 82800 met1
55200 75900 62100 89700 met2
55200 82800 62100 89700 met1
55200 82800 62100 89700 li1
)
dsa\[11\].y_out_next
(
41400 75900 48300 82800 li1
41400 75900 55200 82800 met1
48300 75900 55200 82800 li1
)
dsa\[12\].last_carry
(
62100 75900 69000 82800 li1
62100 75900 69000 82800 met1
)
dsa\[12\].last_carry_next
(
55200 82800 62100 89700 li1
55200 82800 62100 89700 met1
55200 75900 62100 89700 met2
55200 75900 62100 82800 met1
55200 75900 62100 82800 li1
)
dsa\[12\].y_out
(
55200 89700 62100 96600 li1
55200 89700 62100 96600 met1
)
dsa\[12\].y_out_next
(
55200 82800 62100 89700 li1
55200 82800 69000 89700 met1
62100 82800 69000 89700 met1
62100 82800 69000 96600 met2
62100 89700 69000 96600 met1
62100 89700 69000 96600 li1
)
dsa\[13\].last_carry
(
48300 82800 55200 89700 li1
48300 82800 62100 89700 met1
55200 82800 62100 89700 li1
)
dsa\[13\].last_carry_next
(
41400 82800 48300 89700 li1
41400 82800 55200 89700 met1
48300 82800 55200 89700 met1
48300 82800 55200 96600 met2
48300 89700 55200 96600 met1
48300 89700 55200 96600 li1
)
dsa\[13\].y_out
(
34500 89700 41400 96600 li1
34500 89700 48300 96600 met1
41400 89700 48300 96600 met1
41400 82800 48300 96600 met2
41400 82800 48300 89700 met1
41400 82800 48300 89700 li1
)
dsa\[13\].y_out_next
(
41400 89700 48300 96600 li1
41400 89700 55200 96600 met1
48300 89700 55200 96600 li1
)
dsa\[14\].last_carry
(
34500 82800 41400 89700 li1
34500 82800 41400 89700 met1
34500 82800 41400 96600 met2
34500 89700 41400 96600 met1
34500 89700 41400 96600 li1
34500 82800 48300 89700 met1
41400 82800 48300 89700 li1
)
dsa\[14\].last_carry_next
(
27600 82800 34500 89700 li1
27600 82800 41400 89700 met1
34500 82800 41400 89700 li1
)
dsa\[14\].y_out
(
41400 75900 48300 82800 li1
41400 75900 55200 82800 met1
48300 75900 55200 82800 met1
48300 69000 55200 82800 met2
48300 69000 55200 75900 met1
48300 69000 55200 75900 li1
)
dsa\[14\].y_out_next
(
34500 82800 41400 89700 li1
34500 82800 41400 89700 met1
34500 75900 41400 89700 met2
34500 75900 41400 82800 met1
34500 75900 41400 82800 li1
)
dsa\[15\].last_carry
(
41400 69000 48300 75900 li1
41400 69000 48300 75900 met1
)
dsa\[15\].last_carry_next
(
34500 62100 41400 69000 li1
34500 62100 41400 69000 met1
)
dsa\[15\].y_out
(
48300 55200 55200 62100 li1
48300 55200 62100 62100 met1
55200 55200 62100 62100 li1
)
dsa\[15\].y_out_next
(
41400 62100 48300 69000 li1
41400 62100 48300 69000 met1
41400 55200 48300 69000 met2
41400 55200 48300 62100 met1
41400 55200 48300 62100 li1
)
dsa\[16\].last_carry
(
48300 41400 55200 48300 li1
48300 41400 55200 48300 met1
48300 41400 55200 55200 met2
48300 48300 55200 55200 met1
48300 48300 55200 55200 li1
)
dsa\[16\].last_carry_next
(
41400 41400 48300 48300 li1
41400 41400 55200 48300 met1
48300 41400 55200 48300 li1
)
dsa\[16\].y_out
(
55200 34500 62100 41400 li1
55200 34500 69000 41400 met1
62100 34500 69000 41400 li1
)
dsa\[16\].y_out_next
(
55200 41400 62100 48300 li1
55200 41400 62100 48300 met1
55200 34500 62100 48300 met2
55200 34500 62100 41400 met1
55200 34500 62100 41400 li1
)
dsa\[17\].last_carry
(
48300 34500 55200 41400 li1
48300 34500 55200 41400 met1
)
dsa\[17\].last_carry_next
(
41400 34500 48300 41400 li1
41400 34500 55200 41400 met1
48300 34500 55200 41400 li1
)
dsa\[17\].y_out
(
48300 27600 55200 34500 li1
48300 27600 55200 34500 met1
)
dsa\[17\].y_out_next
(
48300 27600 55200 34500 li1
48300 27600 62100 34500 met1
55200 27600 62100 34500 met1
55200 27600 62100 41400 met2
55200 34500 62100 41400 met1
55200 34500 62100 41400 li1
)
dsa\[18\].last_carry
(
41400 20700 48300 27600 li1
41400 20700 62100 27600 met1
55200 20700 62100 27600 li1
)
dsa\[18\].last_carry_next
(
48300 20700 55200 27600 li1
48300 20700 55200 27600 met1
)
dsa\[18\].y_out
(
34500 20700 41400 27600 li1
34500 20700 41400 27600 met1
34500 20700 41400 34500 met2
34500 27600 41400 34500 met1
34500 27600 41400 34500 li1
)
dsa\[18\].y_out_next
(
27600 20700 34500 27600 li1
27600 20700 55200 27600 met1
48300 20700 55200 27600 met1
48300 20700 55200 34500 met2
48300 27600 55200 34500 met1
48300 27600 55200 34500 li1
)
dsa\[19\].last_carry
(
41400 20700 48300 27600 li1
41400 20700 48300 27600 met1
)
dsa\[19\].last_carry_next
(
34500 20700 41400 27600 li1
34500 20700 41400 27600 met1
)
dsa\[19\].y_out
(
20700 27600 27600 34500 li1
20700 27600 34500 34500 met1
27600 27600 34500 34500 li1
)
dsa\[19\].y_out_next
(
34500 20700 41400 27600 li1
34500 20700 41400 27600 met1
34500 20700 41400 34500 met2
34500 27600 41400 34500 met1
34500 27600 41400 34500 li1
)
dsa\[1\].last_carry
(
75900 89700 82800 96600 li1
75900 89700 89700 96600 met1
82800 82800 89700 89700 li1
82800 82800 89700 89700 met1
82800 82800 89700 96600 met2
82800 89700 89700 96600 met1
82800 89700 89700 96600 li1
)
dsa\[1\].last_carry_next
(
75900 82800 82800 89700 li1
75900 82800 89700 89700 met1
82800 82800 89700 89700 li1
)
dsa\[1\].y_out
(
82800 75900 89700 82800 li1
82800 75900 89700 82800 met1
82800 69000 89700 82800 met2
82800 69000 89700 75900 met1
82800 69000 89700 75900 li1
)
dsa\[1\].y_out_next
(
75900 82800 82800 89700 li1
75900 82800 82800 89700 met1
75900 75900 82800 89700 met2
75900 75900 82800 82800 met1
75900 75900 82800 82800 li1
)
dsa\[20\].last_carry
(
34500 34500 41400 41400 met1
34500 34500 41400 48300 met2
34500 41400 41400 48300 met1
34500 41400 41400 48300 li1
34500 27600 41400 41400 met2
34500 27600 41400 34500 met1
34500 27600 41400 34500 li1
34500 34500 48300 41400 met1
41400 34500 48300 41400 li1
)
dsa\[20\].last_carry_next
(
27600 27600 34500 34500 li1
27600 27600 41400 34500 met1
34500 27600 41400 34500 met1
34500 27600 41400 41400 met2
34500 34500 41400 41400 met1
34500 34500 41400 41400 li1
)
dsa\[20\].y_out
(
20700 41400 27600 48300 li1
20700 41400 34500 48300 met1
27600 41400 34500 48300 li1
)
dsa\[20\].y_out_next
(
27600 34500 34500 41400 li1
27600 34500 34500 41400 met1
27600 34500 34500 48300 met2
27600 41400 34500 48300 met1
27600 41400 34500 48300 li1
)
dsa\[21\].last_carry
(
34500 41400 41400 48300 li1
34500 41400 41400 48300 met1
34500 41400 41400 55200 met2
34500 48300 41400 55200 met1
34500 48300 41400 55200 li1
34500 41400 48300 48300 met1
41400 41400 48300 48300 li1
)
dsa\[21\].last_carry_next
(
34500 48300 41400 55200 li1
34500 48300 41400 55200 met1
34500 41400 41400 55200 met2
34500 41400 41400 48300 met1
34500 41400 41400 48300 li1
)
dsa\[21\].y_out
(
27600 48300 34500 55200 li1
27600 48300 34500 55200 met1
27600 48300 34500 62100 met2
27600 55200 34500 62100 met1
27600 55200 34500 62100 li1
)
dsa\[21\].y_out_next
(
20700 41400 27600 48300 li1
20700 41400 27600 48300 met1
20700 41400 27600 55200 met2
20700 48300 27600 55200 met1
20700 48300 27600 55200 li1
)
dsa\[22\].last_carry
(
27600 55200 34500 62100 li1
27600 55200 34500 62100 met1
27600 48300 34500 62100 met2
27600 48300 34500 55200 met1
27600 48300 34500 55200 li1
)
dsa\[22\].last_carry_next
(
20700 55200 27600 62100 li1
20700 55200 27600 62100 met1
)
dsa\[22\].y_out
(
20700 62100 27600 69000 li1
20700 62100 34500 69000 met1
27600 62100 34500 69000 met1
27600 62100 34500 75900 met2
27600 69000 34500 75900 met1
27600 69000 34500 75900 li1
)
dsa\[22\].y_out_next
(
27600 55200 34500 62100 li1
27600 55200 41400 62100 met1
34500 55200 41400 62100 met1
34500 55200 41400 69000 met2
34500 62100 41400 69000 met1
34500 62100 41400 69000 li1
)
dsa\[23\].last_carry
(
20700 62100 27600 69000 li1
20700 62100 34500 69000 met1
27600 62100 34500 69000 met1
27600 62100 34500 75900 met2
27600 69000 34500 75900 met1
27600 69000 34500 75900 li1
)
dsa\[23\].last_carry_next
(
13800 69000 20700 75900 li1
13800 69000 20700 75900 met1
13800 62100 20700 75900 met2
13800 62100 20700 69000 met1
13800 62100 20700 69000 li1
)
dsa\[23\].y_out
(
27600 69000 34500 75900 li1
27600 69000 34500 75900 met1
27600 69000 34500 82800 met2
27600 75900 34500 82800 met1
27600 75900 34500 82800 li1
)
dsa\[23\].y_out_next
(
20700 62100 27600 69000 li1
20700 62100 27600 69000 met1
20700 62100 27600 75900 met2
20700 69000 27600 75900 met1
20700 69000 27600 75900 li1
)
dsa\[24\].last_carry
(
34500 75900 41400 82800 li1
34500 75900 41400 82800 met1
34500 69000 41400 82800 met2
34500 69000 41400 75900 met1
34500 69000 41400 75900 li1
)
dsa\[24\].last_carry_next
(
27600 69000 34500 75900 li1
27600 69000 34500 75900 met1
27600 69000 34500 82800 met2
27600 75900 34500 82800 met1
27600 75900 34500 82800 li1
)
dsa\[24\].y_out
(
20700 75900 27600 82800 li1
20700 75900 27600 82800 met1
20700 75900 27600 89700 met2
20700 82800 27600 89700 met1
20700 82800 27600 89700 li1
)
dsa\[24\].y_out_next
(
27600 82800 34500 89700 li1
27600 82800 34500 89700 met1
27600 75900 34500 89700 met2
27600 75900 34500 82800 met1
27600 75900 34500 82800 li1
)
dsa\[25\].last_carry
(
27600 89700 34500 96600 li1
27600 89700 34500 96600 met1
27600 82800 34500 96600 met2
27600 82800 34500 89700 met1
27600 82800 34500 89700 li1
)
dsa\[25\].last_carry_next
(
20700 82800 27600 89700 li1
20700 82800 27600 89700 met1
20700 82800 27600 96600 met2
20700 89700 27600 96600 met1
20700 89700 27600 96600 li1
)
dsa\[25\].y_out
(
13800 82800 20700 89700 li1
13800 82800 20700 89700 met1
)
dsa\[25\].y_out_next
(
20700 82800 27600 89700 li1
20700 82800 34500 89700 met1
27600 82800 34500 89700 li1
)
dsa\[26\].last_carry
(
13800 89700 20700 96600 li1
13800 89700 20700 96600 met1
13800 82800 20700 96600 met2
13800 82800 20700 89700 met1
13800 82800 20700 89700 li1
)
dsa\[26\].last_carry_next
(
6900 82800 13800 89700 li1
6900 82800 13800 89700 met1
6900 82800 13800 96600 met2
6900 89700 13800 96600 met1
6900 89700 13800 96600 li1
)
dsa\[26\].y_out
(
13800 75900 20700 82800 li1
13800 75900 20700 82800 met1
13800 69000 20700 82800 met2
13800 69000 20700 75900 met1
13800 69000 20700 75900 li1
)
dsa\[26\].y_out_next
(
6900 82800 13800 89700 li1
6900 82800 13800 89700 met1
6900 75900 13800 89700 met2
6900 75900 13800 82800 met1
6900 75900 13800 82800 li1
)
dsa\[27\].last_carry
(
13800 75900 20700 82800 li1
13800 75900 27600 82800 met1
20700 75900 27600 82800 met1
20700 69000 27600 82800 met2
20700 69000 27600 75900 met1
20700 69000 27600 75900 li1
)
dsa\[27\].last_carry_next
(
13800 75900 20700 82800 li1
13800 75900 20700 82800 met1
13800 69000 20700 82800 met2
13800 69000 20700 75900 met1
13800 69000 20700 75900 li1
)
dsa\[27\].y_out
(
13800 69000 20700 75900 li1
13800 69000 27600 75900 met1
20700 69000 27600 75900 met1
20700 62100 27600 75900 met2
20700 62100 27600 69000 met1
20700 62100 27600 69000 li1
)
dsa\[27\].y_out_next
(
6900 69000 13800 75900 li1
6900 69000 13800 75900 met1
6900 62100 13800 75900 met2
6900 62100 13800 69000 met1
6900 62100 13800 69000 li1
)
dsa\[28\].last_carry
(
13800 55200 20700 62100 li1
13800 55200 20700 62100 met1
)
dsa\[28\].last_carry_next
(
6900 55200 13800 62100 li1
6900 55200 13800 62100 met1
)
dsa\[28\].y_out
(
20700 48300 27600 55200 li1
20700 48300 27600 55200 met1
20700 48300 27600 62100 met2
20700 55200 27600 62100 met1
20700 55200 27600 62100 li1
)
dsa\[28\].y_out_next
(
13800 55200 20700 62100 li1
13800 55200 20700 62100 met1
13800 48300 20700 62100 met2
13800 48300 20700 55200 met1
13800 48300 20700 55200 li1
)
dsa\[29\].last_carry
(
13800 41400 20700 48300 li1
13800 41400 20700 48300 met1
13800 41400 20700 55200 met2
13800 48300 20700 55200 met1
13800 48300 20700 55200 li1
)
dsa\[29\].last_carry_next
(
6900 48300 13800 55200 li1
6900 48300 13800 55200 met1
6900 41400 13800 55200 met2
6900 41400 13800 48300 met1
6900 41400 13800 48300 li1
)
dsa\[29\].y_out
(
27600 34500 34500 41400 li1
27600 34500 34500 41400 met1
)
dsa\[29\].y_out_next
(
13800 41400 20700 48300 li1
13800 41400 20700 48300 met1
13800 34500 20700 48300 met2
13800 34500 20700 41400 met1
13800 34500 20700 41400 li1
)
dsa\[2\].last_carry
(
75900 75900 82800 82800 li1
75900 75900 82800 82800 met1
)
dsa\[2\].last_carry_next
(
69000 75900 75900 82800 li1
69000 75900 82800 82800 met1
75900 75900 82800 82800 li1
)
dsa\[2\].y_out
(
82800 69000 89700 75900 li1
82800 69000 89700 75900 met1
)
dsa\[2\].y_out_next
(
75900 75900 82800 82800 li1
75900 75900 82800 82800 met1
75900 69000 82800 82800 met2
75900 69000 82800 75900 met1
75900 69000 82800 75900 li1
)
dsa\[30\].last_carry
(
13800 34500 20700 41400 li1
13800 34500 20700 41400 met1
13800 34500 20700 48300 met2
13800 41400 20700 48300 met1
13800 41400 20700 48300 li1
)
dsa\[30\].last_carry_next
(
6900 34500 13800 41400 li1
6900 34500 13800 41400 met1
)
dsa\[30\].y_out
(
20700 27600 27600 34500 li1
20700 27600 27600 34500 met1
)
dsa\[30\].y_out_next
(
13800 34500 20700 41400 li1
13800 34500 20700 41400 met1
13800 27600 20700 41400 met2
13800 27600 20700 34500 met1
13800 27600 20700 34500 li1
)
dsa\[31\].last_carry
(
27600 34500 34500 41400 li1
27600 34500 34500 41400 met1
27600 27600 34500 41400 met2
27600 27600 34500 34500 met1
27600 27600 34500 34500 li1
)
dsa\[31\].last_carry_next
(
13800 27600 20700 34500 li1
13800 27600 27600 34500 met1
20700 27600 27600 34500 met1
20700 27600 27600 41400 met2
20700 34500 27600 41400 met1
20700 34500 27600 41400 li1
)
dsa\[31\].y_out_next
(
20700 27600 27600 34500 li1
20700 27600 34500 34500 met1
27600 27600 34500 34500 met1
27600 20700 34500 34500 met2
27600 20700 34500 27600 met1
27600 20700 34500 27600 li1
)
dsa\[3\].last_carry
(
69000 69000 75900 75900 li1
69000 69000 75900 75900 met1
69000 62100 75900 75900 met2
69000 62100 75900 69000 met1
69000 62100 75900 69000 li1
69000 69000 82800 75900 met1
75900 69000 82800 75900 li1
)
dsa\[3\].last_carry_next
(
62100 62100 69000 69000 li1
62100 62100 75900 69000 met1
69000 62100 75900 69000 li1
)
dsa\[3\].y_out
(
82800 62100 89700 69000 li1
82800 62100 89700 69000 met1
82800 55200 89700 69000 met2
82800 55200 89700 62100 met1
82800 55200 89700 62100 li1
)
dsa\[3\].y_out_next
(
75900 62100 82800 69000 li1
75900 62100 82800 69000 met1
)
dsa\[4\].last_carry
(
75900 55200 82800 62100 li1
75900 55200 89700 62100 met1
82800 55200 89700 62100 li1
)
dsa\[4\].last_carry_next
(
75900 55200 82800 62100 li1
75900 55200 89700 62100 met1
82800 55200 89700 62100 li1
)
dsa\[4\].y_out
(
75900 48300 82800 55200 li1
75900 48300 89700 55200 met1
82800 48300 89700 55200 li1
)
dsa\[4\].y_out_next
(
69000 48300 75900 55200 li1
69000 48300 82800 55200 met1
75900 48300 82800 55200 met1
75900 48300 82800 62100 met2
75900 55200 82800 62100 met1
75900 55200 82800 62100 li1
)
dsa\[5\].last_carry
(
82800 41400 89700 48300 li1
82800 41400 89700 48300 met1
82800 41400 89700 55200 met2
82800 48300 89700 55200 met1
82800 48300 89700 55200 li1
)
dsa\[5\].last_carry_next
(
75900 41400 82800 48300 li1
75900 41400 89700 48300 met1
82800 41400 89700 48300 li1
)
dsa\[5\].y_out
(
75900 34500 82800 41400 li1
75900 34500 82800 41400 met1
)
dsa\[5\].y_out_next
(
82800 41400 89700 48300 li1
82800 41400 89700 48300 met1
82800 34500 89700 48300 met2
82800 34500 89700 41400 met1
82800 34500 89700 41400 li1
)
dsa\[6\].last_carry
(
75900 27600 82800 34500 li1
75900 27600 82800 34500 met1
75900 27600 82800 41400 met2
75900 34500 82800 41400 met1
75900 34500 82800 41400 li1
)
dsa\[6\].last_carry_next
(
69000 34500 75900 41400 li1
69000 34500 75900 41400 met1
69000 27600 75900 41400 met2
69000 27600 75900 34500 met1
69000 27600 75900 34500 li1
)
dsa\[6\].y_out
(
69000 41400 75900 48300 li1
69000 41400 75900 48300 met1
69000 34500 75900 48300 met2
69000 34500 75900 41400 met1
69000 34500 75900 41400 li1
)
dsa\[6\].y_out_next
(
75900 34500 82800 41400 li1
75900 34500 82800 41400 met1
75900 34500 82800 48300 met2
75900 41400 82800 48300 met1
75900 41400 82800 48300 li1
)
dsa\[7\].last_carry
(
69000 27600 75900 34500 li1
69000 27600 75900 34500 met1
69000 27600 75900 41400 met2
69000 34500 75900 41400 met1
69000 34500 75900 41400 li1
62100 34500 69000 41400 li1
62100 34500 75900 41400 met1
)
dsa\[7\].last_carry_next
(
62100 34500 69000 41400 li1
62100 34500 69000 41400 met1
62100 27600 69000 41400 met2
62100 27600 69000 34500 met1
62100 27600 69000 34500 li1
)
dsa\[7\].y_out
(
62100 41400 69000 48300 li1
62100 41400 69000 48300 met1
62100 41400 69000 55200 met2
62100 48300 69000 55200 met1
62100 48300 69000 55200 li1
)
dsa\[7\].y_out_next
(
69000 34500 75900 41400 li1
69000 34500 75900 41400 met1
69000 34500 75900 48300 met2
69000 41400 75900 48300 met1
69000 41400 75900 48300 li1
)
dsa\[8\].last_carry
(
55200 55200 62100 62100 li1
55200 55200 69000 62100 met1
62100 55200 69000 62100 met1
62100 48300 69000 62100 met2
62100 48300 69000 55200 met1
62100 48300 69000 55200 li1
62100 48300 75900 55200 met1
69000 48300 75900 55200 li1
)
dsa\[8\].last_carry_next
(
55200 48300 62100 55200 li1
55200 48300 62100 55200 met1
)
dsa\[8\].y_out
(
69000 48300 75900 55200 li1
69000 48300 82800 55200 met1
75900 48300 82800 55200 met1
75900 48300 82800 62100 met2
75900 55200 82800 62100 met1
75900 55200 82800 62100 li1
)
dsa\[8\].y_out_next
(
62100 55200 69000 62100 li1
62100 55200 69000 62100 met1
62100 48300 69000 62100 met2
62100 48300 69000 55200 met1
62100 48300 69000 55200 li1
)
dsa\[9\].last_carry
(
62100 55200 69000 62100 li1
62100 55200 69000 62100 met1
62100 55200 69000 69000 met2
62100 62100 69000 69000 met1
62100 62100 75900 69000 met1
69000 62100 75900 69000 li1
)
dsa\[9\].last_carry_next
(
69000 55200 75900 62100 li1
69000 55200 75900 62100 met1
)
dsa\[9\].y_out_next
(
55200 55200 62100 62100 li1
55200 55200 75900 62100 met1
69000 55200 75900 62100 li1
)
net1
(
20700 34500 27600 41400 met1
20700 27600 27600 41400 met2
20700 27600 27600 34500 met1
20700 27600 27600 34500 li1
20700 34500 34500 41400 met1
27600 34500 34500 41400 li1
6900 89700 13800 96600 li1
6900 89700 27600 96600 met1
20700 89700 27600 96600 met1
20700 34500 27600 96600 met2
)
net10
(
55200 89700 62100 96600 li1
55200 89700 62100 96600 met1
55200 82800 62100 96600 met2
55200 82800 62100 89700 met1
55200 82800 62100 89700 li1
)
net11
(
62100 89700 69000 96600 li1
62100 89700 69000 96600 met1
62100 75900 69000 96600 met2
62100 75900 69000 82800 met1
62100 75900 69000 82800 li1
)
net12
(
13800 41400 20700 48300 li1
13800 41400 20700 48300 met1
13800 34500 20700 48300 met2
13800 34500 20700 41400 met1
13800 34500 20700 41400 li1
6900 89700 13800 96600 li1
6900 89700 13800 96600 met1
6900 41400 13800 96600 met2
6900 41400 13800 48300 met1
6900 41400 20700 48300 met1
)
net13
(
48300 69000 55200 75900 li1
48300 69000 69000 75900 met1
62100 69000 69000 75900 met1
62100 69000 69000 96600 met2
62100 89700 69000 96600 met1
62100 89700 69000 96600 li1
)
net14
(
62100 89700 69000 96600 li1
62100 89700 69000 96600 met1
62100 69000 69000 96600 met2
62100 69000 69000 75900 met1
62100 69000 69000 75900 li1
)
net15
(
69000 62100 75900 69000 li1
69000 62100 75900 69000 met1
69000 55200 75900 69000 met2
69000 55200 75900 62100 met1
69000 55200 75900 62100 li1
62100 89700 69000 96600 li1
62100 89700 69000 96600 met1
62100 62100 69000 96600 met2
62100 62100 69000 69000 met1
62100 62100 75900 69000 met1
)
net16
(
55200 55200 62100 62100 li1
55200 55200 75900 62100 met1
69000 55200 75900 62100 met1
69000 48300 75900 62100 met2
69000 48300 75900 55200 met1
69000 48300 75900 55200 li1
69000 89700 75900 96600 li1
69000 89700 75900 96600 met1
69000 55200 75900 96600 met2
)
net17
(
69000 34500 75900 41400 li1
69000 34500 82800 41400 met1
75900 34500 82800 41400 met1
75900 34500 82800 96600 met2
75900 89700 82800 96600 met1
75900 89700 82800 96600 li1
)
net18
(
69000 27600 75900 34500 li1
69000 27600 82800 34500 met1
75900 27600 82800 34500 met1
75900 27600 82800 41400 met2
75900 34500 82800 41400 met1
75900 34500 82800 41400 li1
75900 89700 82800 96600 li1
75900 89700 82800 96600 met1
75900 34500 82800 96600 met2
)
net19
(
75900 89700 82800 96600 li1
75900 89700 89700 96600 met1
82800 89700 89700 96600 met1
82800 48300 89700 96600 met2
82800 48300 89700 55200 met1
82800 48300 89700 55200 li1
82800 41400 89700 55200 met2
82800 41400 89700 48300 met1
82800 41400 89700 48300 li1
)
net2
(
27600 89700 34500 96600 li1
27600 89700 34500 96600 met1
27600 48300 34500 96600 met2
27600 48300 34500 55200 met1
27600 48300 41400 55200 met1
34500 48300 41400 55200 li1
34500 48300 41400 55200 met1
34500 41400 41400 55200 met2
34500 41400 41400 48300 met1
34500 41400 41400 48300 li1
)
net20
(
75900 89700 82800 96600 li1
75900 89700 82800 96600 met1
75900 55200 82800 96600 met2
75900 55200 82800 62100 met1
75900 55200 82800 62100 li1
75900 55200 89700 62100 met1
82800 55200 89700 62100 li1
)
net21
(
75900 69000 82800 75900 li1
75900 69000 82800 75900 met1
75900 62100 82800 75900 met2
75900 62100 82800 69000 met1
75900 62100 82800 69000 li1
75900 69000 89700 75900 met1
82800 69000 89700 75900 met1
82800 69000 89700 96600 met2
82800 89700 89700 96600 met1
82800 89700 89700 96600 li1
)
net22
(
75900 75900 82800 82800 li1
75900 75900 82800 82800 met1
75900 75900 82800 96600 met2
75900 89700 82800 96600 met1
75900 89700 89700 96600 met1
82800 89700 89700 96600 li1
)
net23
(
6900 89700 13800 96600 li1
6900 89700 13800 96600 met1
6900 48300 13800 96600 met2
6900 48300 13800 55200 met1
6900 48300 20700 55200 met1
13800 48300 20700 55200 li1
13800 48300 20700 55200 met1
13800 41400 20700 55200 met2
13800 41400 20700 48300 met1
13800 41400 20700 48300 li1
)
net24
(
75900 89700 82800 96600 li1
75900 89700 89700 96600 met1
82800 89700 89700 96600 li1
)
net25
(
69000 89700 89700 96600 met1
82800 89700 89700 96600 li1
62100 82800 69000 89700 li1
62100 82800 75900 89700 met1
69000 82800 75900 89700 met1
69000 82800 75900 96600 met2
69000 89700 75900 96600 met1
69000 89700 75900 96600 li1
)
net26
(
13800 89700 20700 96600 li1
13800 89700 20700 96600 met1
13800 55200 20700 96600 met2
13800 55200 20700 62100 met1
13800 55200 20700 62100 li1
)
net27
(
13800 89700 20700 96600 li1
13800 89700 20700 96600 met1
13800 75900 20700 96600 met2
13800 75900 20700 82800 met1
13800 75900 20700 82800 li1
13800 75900 27600 82800 met1
20700 75900 27600 82800 li1
)
net28
(
13800 89700 20700 96600 li1
13800 89700 20700 96600 met1
13800 82800 20700 96600 met2
13800 82800 20700 89700 met1
13800 82800 20700 89700 li1
)
net29
(
20700 89700 27600 96600 li1
20700 89700 34500 96600 met1
27600 89700 34500 96600 li1
27600 89700 34500 96600 met1
27600 82800 34500 96600 met2
27600 82800 34500 89700 met1
27600 82800 34500 89700 li1
)
net3
(
34500 89700 41400 96600 li1
34500 89700 41400 96600 met1
34500 41400 41400 96600 met2
34500 41400 41400 48300 met1
34500 41400 41400 48300 li1
34500 27600 41400 48300 met2
34500 27600 41400 34500 met1
34500 27600 41400 34500 li1
)
net30
(
20700 89700 27600 96600 li1
20700 89700 41400 96600 met1
34500 89700 41400 96600 met1
34500 75900 41400 96600 met2
34500 75900 41400 82800 met1
34500 75900 41400 82800 li1
34500 69000 41400 82800 met2
34500 69000 41400 75900 met1
34500 69000 41400 75900 li1
)
net31
(
20700 62100 27600 69000 li1
20700 62100 34500 69000 met1
27600 62100 34500 69000 met1
27600 62100 34500 75900 met2
27600 69000 34500 75900 met1
27600 69000 34500 75900 li1
27600 89700 34500 96600 li1
27600 89700 34500 96600 met1
27600 69000 34500 96600 met2
)
net32
(
27600 55200 34500 62100 li1
27600 55200 34500 62100 met1
27600 48300 34500 62100 met2
27600 48300 34500 55200 met1
27600 48300 34500 55200 li1
27600 89700 34500 96600 li1
27600 89700 34500 96600 met1
27600 55200 34500 96600 met2
)
net33
(
6900 27600 13800 34500 li1
6900 27600 27600 34500 met1
20700 27600 27600 34500 met1
20700 20700 27600 34500 met2
20700 20700 27600 27600 met1
20700 20700 27600 27600 li1
)
net34
(
20700 69000 27600 75900 li1
20700 69000 27600 75900 met1
)
net35
(
20700 27600 27600 34500 li1
20700 27600 27600 34500 met1
)
net36
(
34500 27600 41400 34500 li1
34500 27600 41400 34500 met1
34500 20700 41400 34500 met2
34500 20700 41400 27600 met1
34500 20700 41400 27600 li1
)
net37
(
6900 82800 13800 89700 li1
6900 82800 20700 89700 met1
13800 82800 20700 89700 li1
)
net38
(
82800 48300 89700 55200 li1
82800 48300 89700 55200 met1
82800 41400 89700 55200 met2
82800 41400 89700 48300 met1
82800 41400 89700 48300 li1
)
net39
(
34500 82800 41400 89700 li1
34500 82800 41400 89700 met1
)
net4
(
34500 89700 41400 96600 li1
34500 89700 41400 96600 met1
34500 20700 41400 96600 met2
34500 20700 41400 27600 met1
34500 20700 48300 27600 met1
41400 20700 48300 27600 li1
)
net40
(
82800 89700 89700 96600 li1
82800 89700 89700 96600 met1
82800 82800 89700 96600 met2
82800 82800 89700 89700 met1
82800 82800 89700 89700 li1
75900 82800 82800 89700 li1
75900 82800 89700 89700 met1
)
net41
(
69000 34500 75900 41400 li1
69000 34500 82800 41400 met1
75900 34500 82800 41400 li1
)
net42
(
55200 82800 62100 89700 li1
55200 82800 62100 89700 met1
)
net43
(
48300 89700 55200 96600 li1
48300 89700 62100 96600 met1
55200 89700 62100 96600 li1
)
net44
(
55200 62100 62100 69000 li1
55200 62100 62100 69000 met1
55200 62100 62100 75900 met2
55200 69000 62100 75900 met1
55200 69000 62100 75900 li1
)
net45
(
55200 48300 62100 55200 li1
55200 48300 69000 55200 met1
62100 48300 69000 55200 li1
62100 48300 69000 55200 met1
62100 48300 69000 62100 met2
62100 55200 69000 62100 met1
62100 55200 69000 62100 li1
)
net46
(
6900 48300 13800 55200 li1
6900 48300 20700 55200 met1
13800 48300 20700 55200 met1
13800 41400 20700 55200 met2
13800 41400 20700 48300 met1
13800 41400 20700 48300 li1
13800 55200 20700 62100 li1
13800 55200 20700 62100 met1
13800 48300 20700 62100 met2
)
net47
(
6900 69000 13800 75900 li1
6900 69000 20700 75900 met1
13800 69000 20700 75900 met1
13800 69000 20700 82800 met2
13800 75900 20700 82800 met1
13800 75900 20700 82800 li1
)
net48
(
27600 75900 34500 82800 li1
27600 75900 34500 82800 met1
27600 69000 34500 82800 met2
27600 69000 34500 75900 met1
27600 69000 34500 75900 li1
27600 75900 41400 82800 met1
34500 75900 41400 82800 li1
)
net49
(
20700 82800 27600 89700 li1
20700 82800 34500 89700 met1
27600 82800 34500 89700 li1
)
net5
(
41400 89700 48300 96600 li1
41400 89700 48300 96600 met1
41400 20700 48300 96600 met2
41400 20700 48300 27600 met1
41400 20700 62100 27600 met1
55200 20700 62100 27600 li1
)
net50
(
48300 34500 62100 41400 met1
55200 34500 62100 41400 li1
48300 34500 55200 41400 li1
48300 34500 55200 41400 met1
48300 27600 55200 41400 met2
48300 27600 55200 34500 met1
48300 27600 55200 34500 li1
)
net51
(
75900 75900 82800 82800 li1
75900 75900 89700 82800 met1
82800 75900 89700 82800 met1
82800 69000 89700 82800 met2
82800 69000 89700 75900 met1
82800 69000 89700 75900 li1
)
net52
(
34500 41400 41400 48300 li1
34500 41400 41400 48300 met1
34500 41400 41400 55200 met2
34500 48300 41400 55200 met1
34500 48300 41400 55200 li1
41400 41400 48300 48300 li1
41400 41400 55200 48300 met1
48300 34500 55200 41400 li1
48300 34500 55200 41400 met1
48300 20700 55200 41400 met2
48300 20700 55200 27600 met1
48300 20700 62100 27600 met1
55200 20700 62100 27600 li1
34500 41400 48300 48300 met1
48300 41400 55200 48300 li1
48300 41400 55200 48300 met1
48300 34500 55200 48300 met2
34500 27600 41400 48300 met2
34500 27600 41400 34500 met1
34500 27600 41400 34500 li1
41400 20700 48300 27600 li1
41400 20700 55200 27600 met1
)
net53
(
34500 55200 41400 62100 li1
34500 55200 41400 62100 met1
34500 41400 41400 62100 met2
34500 41400 41400 48300 met1
34500 41400 41400 48300 li1
13800 34500 20700 41400 li1
13800 34500 20700 41400 met1
13800 34500 20700 48300 met2
13800 41400 20700 48300 met1
13800 41400 20700 48300 li1
13800 41400 20700 55200 met2
13800 48300 20700 55200 met1
13800 48300 20700 55200 li1
13800 34500 27600 41400 met1
27600 34500 34500 41400 li1
27600 34500 41400 41400 met1
34500 34500 41400 41400 met1
34500 34500 41400 48300 met2
20700 34500 27600 41400 met1
20700 27600 27600 41400 met2
20700 27600 27600 34500 met1
20700 27600 27600 34500 li1
20700 34500 34500 41400 met1
)
net54
(
27600 89700 41400 96600 met1
34500 89700 41400 96600 li1
13800 55200 20700 62100 li1
13800 55200 27600 62100 met1
20700 75900 27600 82800 li1
20700 75900 27600 82800 met1
20700 75900 27600 89700 met2
20700 82800 27600 89700 met1
20700 62100 27600 69000 li1
20700 62100 27600 69000 met1
20700 62100 27600 82800 met2
20700 82800 34500 89700 met1
27600 82800 34500 89700 li1
27600 82800 34500 89700 met1
27600 82800 34500 96600 met2
27600 89700 34500 96600 met1
27600 89700 34500 96600 li1
20700 55200 27600 62100 met1
20700 55200 27600 69000 met2
20700 55200 41400 62100 met1
34500 55200 41400 62100 li1
13800 82800 20700 89700 li1
13800 82800 27600 89700 met1
13800 75900 20700 82800 li1
13800 75900 27600 82800 met1
)
net55
(
34500 69000 41400 75900 li1
34500 69000 41400 75900 met1
34500 69000 41400 82800 met2
34500 75900 41400 82800 met1
34500 75900 41400 82800 li1
34500 55200 41400 62100 li1
34500 55200 41400 62100 met1
34500 55200 41400 75900 met2
27600 55200 41400 62100 met1
27600 55200 34500 62100 li1
27600 55200 34500 62100 met1
27600 48300 34500 62100 met2
27600 48300 34500 55200 met1
27600 48300 34500 55200 li1
27600 69000 34500 75900 li1
27600 69000 41400 75900 met1
)
net56
(
69000 48300 75900 55200 li1
69000 48300 75900 55200 met1
69000 27600 75900 55200 met2
69000 27600 75900 34500 met1
69000 27600 75900 34500 li1
82800 48300 89700 55200 li1
82800 48300 89700 55200 met1
82800 41400 89700 55200 met2
82800 41400 89700 48300 met1
82800 41400 89700 48300 li1
82800 55200 89700 62100 li1
82800 55200 89700 62100 met1
82800 48300 89700 62100 met2
75900 55200 82800 62100 li1
75900 55200 89700 62100 met1
69000 55200 82800 62100 met1
48300 48300 55200 55200 li1
48300 48300 75900 55200 met1
55200 55200 75900 62100 met1
55200 55200 62100 62100 li1
69000 55200 75900 62100 li1
69000 55200 75900 62100 met1
69000 55200 75900 69000 met2
69000 62100 75900 69000 met1
69000 62100 75900 69000 li1
69000 48300 75900 62100 met2
)
net57
(
62100 75900 75900 82800 met1
69000 75900 75900 82800 li1
41400 82800 48300 89700 li1
41400 82800 55200 89700 met1
48300 82800 55200 89700 li1
48300 82800 62100 89700 met1
55200 82800 62100 89700 li1
55200 82800 69000 89700 met1
62100 82800 69000 89700 met1
62100 75900 69000 89700 met2
62100 75900 69000 82800 met1
62100 75900 69000 82800 li1
41400 69000 48300 75900 li1
41400 69000 55200 75900 met1
48300 69000 55200 75900 li1
62100 69000 69000 82800 met2
62100 69000 69000 75900 met1
62100 69000 69000 75900 li1
48300 69000 69000 75900 met1
)
net58
(
69000 75900 82800 82800 met1
75900 75900 82800 82800 li1
75900 89700 82800 96600 li1
75900 89700 89700 96600 met1
82800 89700 89700 96600 li1
69000 89700 75900 96600 li1
69000 89700 82800 96600 met1
69000 62100 82800 69000 met1
75900 62100 82800 69000 li1
69000 62100 75900 69000 met1
69000 62100 75900 75900 met2
69000 69000 75900 75900 met1
69000 69000 75900 75900 li1
62100 82800 69000 89700 li1
62100 82800 69000 89700 met1
62100 82800 69000 96600 met2
62100 89700 69000 96600 met1
62100 89700 75900 96600 met1
62100 75900 75900 82800 met1
62100 75900 69000 82800 li1
62100 75900 69000 82800 met1
62100 75900 69000 89700 met2
62100 62100 69000 69000 li1
62100 62100 75900 69000 met1
69000 69000 75900 82800 met2
69000 75900 75900 82800 met1
69000 75900 75900 82800 li1
)
net59
(
62100 55200 69000 62100 met1
62100 55200 69000 69000 met2
62100 62100 69000 69000 met1
62100 62100 69000 69000 li1
69000 34500 75900 41400 li1
69000 34500 82800 41400 met1
75900 34500 82800 41400 li1
62100 34500 75900 41400 met1
62100 34500 69000 62100 met2
62100 34500 69000 41400 met1
62100 34500 69000 41400 li1
41400 55200 48300 62100 li1
41400 55200 62100 62100 met1
55200 55200 62100 62100 li1
55200 55200 69000 62100 met1
)
net6
(
41400 89700 48300 96600 li1
41400 89700 55200 96600 met1
48300 89700 55200 96600 met1
48300 34500 55200 96600 met2
48300 34500 55200 41400 met1
48300 34500 55200 41400 li1
)
net60
(
27600 41400 41400 48300 met1
34500 41400 41400 48300 met1
34500 41400 41400 62100 met2
34500 55200 41400 62100 met1
34500 55200 41400 62100 li1
27600 41400 34500 48300 met1
27600 27600 34500 48300 met2
27600 27600 34500 34500 met1
27600 27600 41400 34500 met1
34500 27600 41400 34500 met1
34500 20700 41400 34500 met2
34500 20700 41400 27600 met1
20700 34500 27600 41400 met1
20700 20700 27600 41400 met2
20700 20700 27600 27600 met1
13800 34500 20700 41400 met1
13800 27600 20700 41400 met2
13800 27600 20700 34500 met1
20700 41400 27600 48300 met1
20700 34500 27600 48300 met2
13800 34500 20700 48300 met2
13800 41400 20700 48300 met1
13800 34500 27600 41400 met1
20700 41400 27600 55200 met2
20700 48300 27600 55200 met1
20700 41400 34500 48300 met1
)
net61
(
41400 48300 48300 55200 li1
41400 48300 48300 55200 met1
41400 41400 48300 55200 met2
41400 41400 48300 48300 met1
41400 34500 48300 41400 met1
41400 20700 48300 41400 met2
41400 20700 48300 27600 met1
41400 34500 55200 41400 met1
34500 34500 48300 41400 met1
41400 41400 55200 48300 met1
41400 20700 55200 27600 met1
41400 34500 48300 48300 met2
)
net62
(
34500 69000 41400 75900 met1
34500 69000 41400 89700 met2
34500 82800 41400 89700 met1
34500 55200 41400 62100 li1
34500 55200 41400 62100 met1
34500 55200 41400 75900 met2
13800 69000 20700 75900 met1
13800 69000 20700 82800 met2
13800 75900 20700 82800 met1
20700 82800 27600 89700 met1
20700 82800 27600 96600 met2
20700 89700 27600 96600 met1
20700 82800 41400 89700 met1
13800 89700 27600 96600 met1
13800 62100 20700 69000 met1
13800 62100 20700 75900 met2
13800 55200 41400 62100 met1
13800 62100 27600 69000 met1
13800 55200 20700 62100 met1
13800 55200 20700 69000 met2
)
net63
(
27600 48300 34500 55200 met1
27600 48300 34500 62100 met2
27600 55200 34500 62100 met1
27600 55200 34500 62100 li1
20700 75900 34500 82800 met1
27600 62100 34500 69000 met1
27600 62100 34500 75900 met2
27600 69000 34500 75900 met1
27600 75900 41400 82800 met1
27600 69000 34500 82800 met2
27600 75900 34500 82800 met1
27600 55200 34500 69000 met2
)
net64
(
69000 48300 82800 55200 met1
62100 27600 82800 34500 met1
55200 27600 69000 34500 met1
62100 27600 69000 34500 li1
62100 27600 69000 34500 met1
62100 27600 69000 41400 met2
62100 34500 69000 41400 met1
62100 48300 75900 55200 met1
62100 41400 69000 48300 met1
62100 41400 69000 55200 met2
62100 48300 69000 55200 met1
62100 48300 69000 62100 met2
62100 55200 69000 62100 met1
55200 55200 69000 62100 met1
62100 34500 69000 48300 met2
)
net65
(
48300 55200 55200 62100 li1
48300 62100 62100 69000 met1
48300 75900 69000 82800 met1
48300 69000 55200 75900 met1
48300 69000 55200 82800 met2
48300 75900 55200 82800 met1
48300 75900 55200 89700 met2
48300 82800 55200 89700 met1
48300 62100 55200 69000 met1
48300 62100 55200 75900 met2
48300 89700 62100 96600 met1
48300 55200 55200 62100 met1
48300 55200 55200 69000 met2
62100 75900 69000 82800 met1
62100 69000 69000 82800 met2
62100 69000 69000 75900 met1
48300 82800 55200 96600 met2
48300 89700 55200 96600 met1
41400 89700 55200 96600 met1
41400 75900 55200 82800 met1
)
net66
(
82800 62100 89700 69000 li1
82800 62100 89700 69000 met1
82800 62100 89700 75900 met2
82800 69000 89700 75900 met1
69000 69000 89700 75900 met1
75900 82800 89700 89700 met1
69000 89700 75900 96600 met1
69000 82800 75900 96600 met2
69000 82800 75900 89700 met1
69000 82800 82800 89700 met1
82800 69000 89700 82800 met2
82800 75900 89700 82800 met1
75900 75900 89700 82800 met1
82800 75900 89700 89700 met2
82800 82800 89700 89700 met1
)
net67
(
41400 55200 48300 62100 li1
41400 55200 55200 62100 met1
48300 55200 55200 62100 li1
82800 55200 89700 62100 met1
82800 55200 89700 69000 met2
82800 62100 89700 69000 met1
82800 62100 89700 69000 li1
48300 55200 75900 62100 met1
69000 55200 75900 62100 met1
69000 41400 75900 62100 met2
69000 41400 75900 48300 met1
69000 34500 82800 41400 met1
69000 41400 89700 48300 met1
82800 41400 89700 48300 met1
82800 41400 89700 62100 met2
62100 27600 69000 34500 li1
62100 27600 75900 34500 met1
69000 27600 75900 34500 met1
69000 27600 75900 41400 met2
69000 34500 75900 41400 met1
69000 34500 75900 48300 met2
)
net68
(
41400 55200 48300 62100 li1
41400 55200 48300 62100 met1
41400 48300 48300 62100 met2
41400 48300 48300 55200 met1
41400 48300 48300 55200 li1
34500 55200 41400 62100 li1
34500 55200 48300 62100 met1
27600 55200 34500 62100 li1
27600 55200 41400 62100 met1
)
net69
(
69000 55200 75900 62100 li1
69000 55200 82800 62100 met1
75900 55200 82800 62100 li1
)
net7
(
48300 48300 55200 55200 li1
48300 48300 55200 55200 met1
48300 41400 55200 55200 met2
48300 41400 55200 48300 met1
48300 41400 55200 48300 li1
41400 89700 48300 96600 li1
41400 89700 55200 96600 met1
48300 89700 55200 96600 met1
48300 48300 55200 96600 met2
)
net70
(
62100 34500 69000 41400 li1
62100 34500 75900 41400 met1
69000 34500 75900 41400 li1
)
net71
(
20700 55200 27600 62100 li1
20700 55200 34500 62100 met1
27600 55200 34500 62100 li1
)
net72
(
6900 34500 13800 41400 li1
6900 34500 20700 41400 met1
13800 34500 20700 41400 li1
13800 34500 34500 41400 met1
27600 34500 34500 41400 li1
)
net73
(
27600 41400 34500 48300 li1
27600 41400 34500 48300 met1
27600 41400 34500 55200 met2
27600 48300 34500 55200 met1
27600 48300 41400 55200 met1
34500 48300 41400 55200 li1
20700 41400 27600 48300 li1
20700 41400 34500 48300 met1
)
net74
(
48300 75900 55200 82800 li1
48300 75900 55200 82800 met1
48300 69000 55200 82800 met2
48300 69000 55200 75900 met1
48300 69000 55200 75900 li1
48300 75900 69000 82800 met1
62100 75900 69000 82800 li1
)
net75
(
69000 62100 75900 69000 li1
69000 62100 82800 69000 met1
75900 62100 82800 69000 met1
75900 62100 82800 75900 met2
75900 69000 82800 75900 met1
75900 69000 82800 75900 li1
75900 69000 89700 75900 met1
82800 69000 89700 75900 li1
)
net76
(
27600 27600 41400 34500 met1
34500 27600 41400 34500 li1
27600 27600 34500 34500 li1
27600 27600 34500 34500 met1
27600 27600 34500 41400 met2
27600 34500 34500 41400 met1
27600 34500 34500 41400 li1
)
net77
(
34500 62100 41400 69000 li1
34500 62100 48300 69000 met1
41400 69000 48300 75900 li1
41400 69000 48300 75900 met1
41400 62100 48300 75900 met2
41400 62100 48300 69000 met1
41400 62100 48300 69000 li1
)
net78
(
75900 55200 82800 62100 li1
75900 55200 89700 62100 met1
82800 55200 89700 62100 li1
)
net79
(
6900 55200 13800 62100 li1
6900 55200 20700 62100 met1
13800 62100 20700 69000 li1
13800 62100 20700 69000 met1
13800 55200 20700 69000 met2
13800 55200 20700 62100 met1
13800 55200 20700 62100 li1
)
net8
(
41400 69000 48300 75900 li1
41400 69000 55200 75900 met1
48300 69000 55200 75900 met1
48300 69000 55200 96600 met2
48300 89700 55200 96600 met1
48300 89700 55200 96600 li1
)
net80
(
48300 27600 55200 34500 li1
48300 27600 55200 34500 met1
48300 20700 55200 34500 met2
48300 20700 55200 27600 met1
48300 20700 55200 27600 li1
48300 27600 62100 34500 met1
55200 27600 62100 34500 li1
)
net81
(
62100 82800 69000 89700 li1
62100 82800 75900 89700 met1
69000 82800 75900 89700 met1
69000 82800 75900 96600 met2
69000 89700 75900 96600 met1
69000 89700 75900 96600 li1
)
net82
(
48300 55200 55200 62100 li1
48300 55200 55200 62100 met1
48300 41400 55200 62100 met2
48300 41400 55200 48300 met1
48300 41400 55200 48300 li1
)
net9
(
34500 89700 41400 96600 li1
34500 89700 48300 96600 met1
41400 89700 48300 96600 met1
41400 82800 48300 96600 met2
41400 82800 48300 89700 met1
41400 82800 48300 89700 li1
41400 89700 55200 96600 met1
48300 89700 55200 96600 li1
)
rst
(
41400 55200 48300 62100 li1
41400 55200 48300 62100 met1
41400 0 48300 62100 met2
41400 0 48300 6900 met1
41400 0 75900 6900 met1
69000 0 75900 6900 met1
69000 0 75900 6900 met2
)
x
(
34500 55200 41400 62100 li1
34500 55200 48300 62100 met1
41400 55200 48300 62100 li1
0 75900 6900 82800 met2
0 75900 6900 82800 met3
0 55200 6900 82800 met2
0 55200 6900 62100 met1
0 55200 41400 62100 met1
)
y
(
0 20700 13800 27600 met3
6900 20700 13800 27600 met2
6900 20700 13800 34500 met2
6900 27600 13800 34500 met1
6900 27600 13800 34500 li1
)
